Fold=1
              precision    recall  f1-score   support

           0       0.00      0.00      0.00       6.0
           1       0.00      0.00      0.00       7.0
           2       0.00      0.00      0.00       2.0
           3       0.00      0.00      0.00       1.0
           4       0.00      0.00      0.00       8.0
           5       0.00      0.00      0.00     895.0
           6       0.00      0.00      0.00       0.0

    accuracy                           0.00     919.0
   macro avg       0.00      0.00      0.00     919.0
weighted avg       0.00      0.00      0.00     919.0

Fold=1
              precision    recall  f1-score   support

           0       0.02      0.83      0.04         6
           1       0.02      0.14      0.03         7
           2       0.00      0.00      0.00         2
           3       0.00      0.00      0.00         1
           4       0.00      0.00      0.00         8
           5       0.99      0.59      0.74       895
           6       0.00      0.00      0.00         0

    accuracy                           0.58       919
   macro avg       0.15      0.22      0.12       919
weighted avg       0.97      0.58      0.72       919

Fold=1
              precision    recall  f1-score   support

           0       0.04      0.83      0.08        35
           1       0.04      0.24      0.07        21
           2       0.06      0.56      0.10         9
           3       0.01      0.06      0.02        16
           4       0.00      0.00      0.00        27
           5       0.98      0.61      0.75      2324
           6       0.00      0.00      0.00         0

    accuracy                           0.60      2432
   macro avg       0.16      0.33      0.15      2432
weighted avg       0.94      0.60      0.72      2432

Fold=1
              precision    recall  f1-score   support

           0       0.04      0.83      0.08        35
           1       0.04      0.24      0.07        21
           2       0.06      0.56      0.10         9
           3       0.01      0.06      0.02        16
           4       0.00      0.00      0.00        27
           5       0.98      0.61      0.75      2324
           6       0.00      0.00      0.00         0

    accuracy                           0.60      2432
   macro avg       0.16      0.33      0.15      2432
weighted avg       0.94      0.60      0.72      2432

Fold=1
              precision    recall  f1-score   support

           0       0.02      0.23      0.03        35
           1       0.01      0.62      0.03        21
           2       0.00      0.00      0.00         9
           3       0.00      0.00      0.00        16
           4       0.01      0.22      0.01        27
           5       0.00      0.00      0.00      2324
           6       0.00      0.00      0.00         0

    accuracy                           0.01      2432
   macro avg       0.01      0.15      0.01      2432
weighted avg       0.00      0.01      0.00      2432

Fold=1
              precision    recall  f1-score   support

           0       0.00      0.00      0.00       1.0
           2       0.00      0.00      0.00       0.0
           3       0.00      0.00      0.00       1.0
           4       0.00      0.00      0.00       0.0

    accuracy                           0.00       2.0
   macro avg       0.00      0.00      0.00       2.0
weighted avg       0.00      0.00      0.00       2.0

Fold=1
              precision    recall  f1-score   support

           0       0.00      0.00      0.00       1.0
           2       0.00      0.00      0.00       0.0
           3       0.00      0.00      0.00       1.0
           4       0.00      0.00      0.00       0.0

    accuracy                           0.00       2.0
   macro avg       0.00      0.00      0.00       2.0
weighted avg       0.00      0.00      0.00       2.0

Fold=1
              precision    recall  f1-score   support

           0       0.00      0.00      0.00       1.0
           2       0.00      0.00      0.00       0.0
           3       0.00      0.00      0.00       1.0
           4       0.00      0.00      0.00       0.0

    accuracy                           0.00       2.0
   macro avg       0.00      0.00      0.00       2.0
weighted avg       0.00      0.00      0.00       2.0

Fold=1
              precision    recall  f1-score   support

           0       0.00      0.00      0.00       1.0
           2       0.00      0.00      0.00       0.0
           3       0.00      0.00      0.00       1.0
           4       0.00      0.00      0.00       0.0

    accuracy                           0.00       2.0
   macro avg       0.00      0.00      0.00       2.0
weighted avg       0.00      0.00      0.00       2.0

Fold=1
              precision    recall  f1-score   support

           0       0.03      0.03      0.03        35
           1       0.06      0.10      0.07        21
           2       0.03      0.33      0.05         9
           3       0.00      0.00      0.00        16
           4       0.01      0.70      0.02        27
           5       0.00      0.00      0.00      2324
           6       0.00      0.00      0.00         0

    accuracy                           0.01      2432
   macro avg       0.02      0.17      0.02      2432
weighted avg       0.00      0.01      0.00      2432

Fold=1
              precision    recall  f1-score   support

           0       0.02      0.23      0.03        35
           1       0.01      0.62      0.03        21
           2       0.00      0.00      0.00         9
           3       0.00      0.00      0.00        16
           4       0.01      0.22      0.01        27
           5       0.00      0.00      0.00      2324
           6       0.00      0.00      0.00         0

    accuracy                           0.01      2432
   macro avg       0.01      0.15      0.01      2432
weighted avg       0.00      0.01      0.00      2432

Fold=1
              precision    recall  f1-score   support

           0       0.00      0.00      0.00        35
           1       0.01      0.14      0.02        21
           2       0.03      0.22      0.05         9
           3       0.02      0.06      0.03        16
           4       0.03      0.26      0.05        27
           5       0.00      0.00      0.00      2324
           6       0.00      0.00      0.00         0

    accuracy                           0.01      2432
   macro avg       0.01      0.10      0.02      2432
weighted avg       0.00      0.01      0.00      2432

Fold=1
              precision    recall  f1-score   support

           0       0.01      0.06      0.02        35
           1       0.06      0.24      0.10        21
           2       0.00      0.00      0.00         9
           3       0.00      0.00      0.00        16
           4       0.00      0.00      0.00        27
           5       0.00      0.00      0.00      2324
           6       0.00      0.00      0.00         0

    accuracy                           0.00      2432
   macro avg       0.01      0.04      0.02      2432
weighted avg       0.00      0.00      0.00      2432

Fold=1
              precision    recall  f1-score   support

           0       0.03      0.86      0.06        35
           1       0.07      0.33      0.12        21
           2       0.08      0.67      0.14         9
           3       0.04      0.06      0.05        16
           4       0.00      0.00      0.00        27
           5       0.98      0.54      0.70      2324
           6       0.00      0.00      0.00         0

    accuracy                           0.54      2432
   macro avg       0.17      0.35      0.15      2432
weighted avg       0.94      0.54      0.67      2432

Fold=1
              precision    recall  f1-score   support

           0       0.04      0.83      0.08        35
           1       0.04      0.24      0.07        21
           2       0.06      0.56      0.10         9
           3       0.01      0.06      0.02        16
           4       0.00      0.00      0.00        27
           5       0.98      0.61      0.75      2324
           6       0.00      0.00      0.00         0

    accuracy                           0.60      2432
   macro avg       0.16      0.33      0.15      2432
weighted avg       0.94      0.60      0.72      2432

Fold=1
              precision    recall  f1-score   support

           0       0.08      0.03      0.04        35
           1       0.01      0.67      0.02        21
           2       0.14      0.44      0.22         9
           3       0.00      0.00      0.00        16
           4       0.01      0.44      0.03        27
           5       0.00      0.00      0.00      2324
           6       0.00      0.00      0.00         0

    accuracy                           0.01      2432
   macro avg       0.04      0.23      0.04      2432
weighted avg       0.00      0.01      0.00      2432

Fold=1
              precision    recall  f1-score   support

           0       0.08      0.03      0.04        35
           1       0.01      0.67      0.02        21
           2       0.14      0.44      0.22         9
           3       0.00      0.00      0.00        16
           4       0.01      0.44      0.03        27
           5       0.00      0.00      0.00      2324
           6       0.00      0.00      0.00         0

    accuracy                           0.01      2432
   macro avg       0.04      0.23      0.04      2432
weighted avg       0.00      0.01      0.00      2432

Fold=1
              precision    recall  f1-score   support

           0       0.08      0.03      0.04        35
           1       0.01      0.67      0.02        21
           2       0.14      0.44      0.22         9
           3       0.00      0.00      0.00        16
           4       0.01      0.44      0.03        27
           5       0.00      0.00      0.00      2324
           6       0.00      0.00      0.00         0

    accuracy                           0.01      2432
   macro avg       0.04      0.23      0.04      2432
weighted avg       0.00      0.01      0.00      2432

Fold=1
              precision    recall  f1-score   support

           0       0.02      0.23      0.03        35
           1       0.01      0.62      0.03        21
           2       0.00      0.00      0.00         9
           3       0.00      0.00      0.00        16
           4       0.01      0.22      0.01        27
           5       0.00      0.00      0.00      2324
           6       0.00      0.00      0.00         0

    accuracy                           0.01      2432
   macro avg       0.01      0.15      0.01      2432
weighted avg       0.00      0.01      0.00      2432

Fold=1
              precision    recall  f1-score   support

           0       0.05      0.03      0.04        35
           1       0.02      0.67      0.03        21
           2       0.07      0.44      0.12         9
           3       0.00      0.00      0.00        16
           4       0.01      0.44      0.02        27
           5       0.00      0.00      0.00      2324
           6       0.00      0.00      0.00         0

    accuracy                           0.01      2432
   macro avg       0.02      0.23      0.03      2432
weighted avg       0.00      0.01      0.00      2432

