Fold=4
[[ 12   0   2   1   0   0]
 [  6   1   0   0   0   0]
 [  0   0   2   0   0   0]
 [  1   3   0   5   0   4]
 [  0   1   0   0   0   0]
 [161  21  21  28   0 526]]
Fold=4
[[  16    1    0    0    0    1    0]
 [   3    1    0    0    0    1    0]
 [   2    0    6    0    0    4    0]
 [   1    1    0    3    0    6    0]
 [  18    6    0    2    0   19    0]
 [ 256   42   64   57    3 1503    3]
 [   0    0    0    0    0    0    0]]
Fold=4
[[  16    1    0    0    0    1    0]
 [   3    1    0    0    0    1    0]
 [   2    0    6    0    0    4    0]
 [   1    1    0    3    0    6    0]
 [  18    6    0    2    0   19    0]
 [ 256   42   64   57    3 1503    3]
 [   0    0    0    0    0    0    0]]
Fold=4
[[0 1]
 [0 0]]
Fold=4
[[0 1]
 [0 0]]
Fold=4
[[0 1]
 [0 0]]
Fold=4
[[   3    0    1    0   13    0    1]
 [   0    2    0    0    3    0    0]
 [   1    0    1    0   10    0    0]
 [   0    0    0    0   10    0    1]
 [   0    0    0    0   45    0    0]
 [  20   14   13    1 1659    0  221]
 [   0    0    0    0    0    0    0]]
Fold=4
[[  9   8   0   0   1   0   0]
 [  0   5   0   0   0   0   0]
 [  3   6   0   0   2   0   1]
 [  0   5   0   0   3   0   3]
 [ 10  16   0   0   5   0  14]
 [323 643   1   0 789   0 172]
 [  0   0   0   0   0   0   0]]
Fold=4
[[  4   3   0   0   6   0   5]
 [  0   3   0   0   1   0   1]
 [  0   1   2   0   4   0   5]
 [  0   0   0   1   6   0   4]
 [  0   3   0   1  10   0  31]
 [448 288  34  37 269   0 852]
 [  0   0   0   0   0   0   0]]
Fold=4
[[  2   2   2   1   1   0  10]
 [  2   0   1   0   0   0   2]
 [  0   0   1   0   0   0  11]
 [  0   0   0   1   1   0   9]
 [  1   3   9   1   2   0  29]
 [190  65 508 145 253   0 767]
 [  0   0   0   0   0   0   0]]
Fold=4
[[  17    1    0    0    0    0    0]
 [   5    0    0    0    0    0    0]
 [   3    0    8    0    0    1    0]
 [   1    0    0    0    0   10    0]
 [  26    3    0    0    0   16    0]
 [ 545   31   95   48    1 1205    3]
 [   0    0    0    0    0    0    0]]
Fold=4
[[  16    1    0    0    0    1    0]
 [   3    1    0    0    0    1    0]
 [   2    0    6    0    0    4    0]
 [   1    1    0    3    0    6    0]
 [  18    6    0    2    0   19    0]
 [ 256   42   64   57    3 1503    3]
 [   0    0    0    0    0    0    0]]
Fold=4
[[  0  10   0   0   8   0   0]
 [  0   5   0   0   0   0   0]
 [  0   6   1   0   5   0   0]
 [  0   0   0   1   7   0   3]
 [  0  10   0   1  16   0  18]
 [  8 504  32  23 852   0 509]
 [  0   0   0   0   0   0   0]]
Fold=4
[[  0  10   0   0   8   0   0]
 [  0   5   0   0   0   0   0]
 [  0   6   1   0   5   0   0]
 [  0   0   0   1   7   0   3]
 [  0  10   0   1  16   0  18]
 [  8 504  32  23 852   0 509]
 [  0   0   0   0   0   0   0]]
Fold=4
[[  9   8   0   0   1   0   0]
 [  0   5   0   0   0   0   0]
 [  3   6   0   0   2   0   1]
 [  0   5   0   0   3   0   3]
 [ 10  16   0   0   5   0  14]
 [323 643   1   0 789   0 172]
 [  0   0   0   0   0   0   0]]
Fold=4
[[  0  11   0   0   7   0   0]
 [  0   5   0   0   0   0   0]
 [  0   4   1   0   7   0   0]
 [  0   0   0   1   8   0   2]
 [  0  16   0   2  22   0   5]
 [  8 434  34  55 988   0 409]
 [  0   0   0   0   0   0   0]]
