Fold=2
[[  7   1   0   0   0   0]
 [  3   2   1   0   0   0]
 [  4   0   0   0   0   0]
 [  1   0   0   1   0   1]
 [  5   1   4   3   0  11]
 [205  64  13  22   0 587]]
Fold=2
[[  11    0    0    0    0    0    0]
 [   3    1    0    0    0    0    0]
 [   3    0    1    0    0    0    0]
 [   0    3    0    1    0    3    0]
 [   2    0    0    1    0   11    0]
 [ 377   78   39   66    1 1295   11]
 [   0    0    0    0    0    0    0]]
Fold=2
[[  11    0    0    0    0    0    0]
 [   3    1    0    0    0    0    0]
 [   3    0    1    0    0    0    0]
 [   0    3    0    1    0    3    0]
 [   2    0    0    1    0   11    0]
 [ 377   78   39   66    1 1295   11]
 [   0    0    0    0    0    0    0]]
Fold=2
[[  3   8   0   0   0   0   0]
 [  0   4   0   0   0   0   0]
 [  1   1   0   0   2   0   0]
 [  1   3   0   0   2   0   1]
 [  4   2   0   0   5   0   3]
 [377 617   0   0 755   0 118]
 [  0   0   0   0   0   0   0]]
Fold=2
[[0 0 1]
 [0 0 1]
 [0 0 0]]
Fold=2
[[0 0 1]
 [0 0 1]
 [0 0 0]]
Fold=2
[[0 0 1]
 [0 0 1]
 [0 0 0]]
Fold=2
[[0 0 1]
 [0 0 1]
 [0 0 0]]
Fold=2
[[   1    0    3    0    7    0    0]
 [   0    1    1    0    2    0    0]
 [   0    0    0    0    4    0    0]
 [   0    0    0    0    7    0    0]
 [   1    0    0    1   12    0    0]
 [  51   27   36    4 1559    0  190]
 [   0    0    0    0    0    0    0]]
Fold=2
[[  3   8   0   0   0   0   0]
 [  0   4   0   0   0   0   0]
 [  1   1   0   0   2   0   0]
 [  1   3   0   0   2   0   1]
 [  4   2   0   0   5   0   3]
 [377 617   0   0 755   0 118]
 [  0   0   0   0   0   0   0]]
Fold=2
[[  0   1   1   0   2   0   7]
 [  0   0   1   0   1   0   2]
 [  0   0   1   0   0   0   3]
 [  0   0   0   0   4   0   3]
 [  2   3   0   1   2   0   6]
 [360 292  19  27 230   0 939]
 [  0   0   0   0   0   0   0]]
Fold=2
[[  0   0   2   0   0   0   9]
 [  0   0   1   0   1   0   2]
 [  0   0   1   0   0   0   3]
 [  0   0   0   0   0   0   7]
 [  0   0   1   1   0   0  12]
 [172  65 474 126 240   0 790]
 [  0   0   0   0   0   0   0]]
Fold=2
[[  11    0    0    0    0    0    0]
 [   2    2    0    0    0    0    0]
 [   1    0    3    0    0    0    0]
 [   3    0    0    0    0    4    0]
 [   7    0    0    1    0    6    0]
 [ 654   63   46   30    2 1063    9]
 [   0    0    0    0    0    0    0]]
Fold=2
[[  11    0    0    0    0    0    0]
 [   3    1    0    0    0    0    0]
 [   3    0    1    0    0    0    0]
 [   0    3    0    1    0    3    0]
 [   2    0    0    1    0   11    0]
 [ 377   78   39   66    1 1295   11]
 [   0    0    0    0    0    0    0]]
Fold=2
[[  0   9   1   0   1   0   0]
 [  0   4   0   0   0   0   0]
 [  0   2   1   0   1   0   0]
 [  0   3   0   0   4   0   0]
 [  0   5   0   0   9   0   0]
 [  6 682  22  20 866   0 271]
 [  0   0   0   0   0   0   0]]
Fold=2
[[  0   9   1   0   1   0   0]
 [  0   4   0   0   0   0   0]
 [  0   2   1   0   1   0   0]
 [  0   3   0   0   4   0   0]
 [  0   5   0   0   9   0   0]
 [  6 682  22  20 866   0 271]
 [  0   0   0   0   0   0   0]]
Fold=2
[[  0   9   1   0   1   0   0]
 [  0   4   0   0   0   0   0]
 [  0   2   1   0   1   0   0]
 [  0   3   0   0   4   0   0]
 [  0   5   0   0   9   0   0]
 [  6 682  22  20 866   0 271]
 [  0   0   0   0   0   0   0]]
Fold=2
[[  3   8   0   0   0   0   0]
 [  0   4   0   0   0   0   0]
 [  1   1   0   0   2   0   0]
 [  1   3   0   0   2   0   1]
 [  4   2   0   0   5   0   3]
 [377 617   0   0 755   0 118]
 [  0   0   0   0   0   0   0]]
Fold=2
[[   0    9    1    0    1    0    0]
 [   0    4    0    0    0    0    0]
 [   0    1    1    0    2    0    0]
 [   0    2    0    0    5    0    0]
 [   0    4    0    0   10    0    0]
 [  14  555   23   62 1018    0  195]
 [   0    0    0    0    0    0    0]]
