Fold=1
[[  0   0   0   0   0   0   6]
 [  0   0   0   0   0   0   7]
 [  0   0   0   0   0   0   2]
 [  0   0   0   0   0   0   1]
 [  0   0   0   0   0   0   8]
 [  0   0   0   0   0   0 895]
 [  0   0   0   0   0   0   0]]
Fold=1
[[  5   1   0   0   0   0   0]
 [  6   1   0   0   0   0   0]
 [  1   0   0   1   0   0   0]
 [  0   0   0   0   0   1   0]
 [  4   0   0   1   0   2   1]
 [259  49  22  33   0 530   2]
 [  0   0   0   0   0   0   0]]
Fold=1
[[  29    0    3    1    0    2    0]
 [  15    5    1    0    0    0    0]
 [   3    0    5    0    0    1    0]
 [   5    0    0    1    0   10    0]
 [   7    2    4    3    0   11    0]
 [ 603  125   75   93    2 1408   18]
 [   0    0    0    0    0    0    0]]
Fold=1
[[  29    0    3    1    0    2    0]
 [  15    5    1    0    0    0    0]
 [   3    0    5    0    0    1    0]
 [   5    0    0    1    0   10    0]
 [   7    2    4    3    0   11    0]
 [ 603  125   75   93    2 1408   18]
 [   0    0    0    0    0    0    0]]
Fold=1
[[  8  24   0   0   2   0   1]
 [  5  13   0   0   2   0   1]
 [  1   4   0   0   3   0   1]
 [  1  11   0   0   4   0   0]
 [  4  10   0   0   6   0   7]
 [508 907   0   0 831   0  78]
 [  0   0   0   0   0   0   0]]
Fold=1
[[0 1 0 0]
 [0 0 0 0]
 [0 0 0 1]
 [0 0 0 0]]
Fold=1
[[0 1 0 0]
 [0 0 0 0]
 [0 0 0 1]
 [0 0 0 0]]
Fold=1
[[0 1 0 0]
 [0 0 0 0]
 [0 0 0 1]
 [0 0 0 0]]
Fold=1
[[0 1 0 0]
 [0 0 0 0]
 [0 0 0 1]
 [0 0 0 0]]
Fold=1
[[   1    1    9    0   23    0    1]
 [   2    2    3    0   12    0    2]
 [   0    0    3    0    6    0    0]
 [   0    0    0    0   16    0    0]
 [   1    0    3    0   19    0    4]
 [  28   32   83    0 1942    0  239]
 [   0    0    0    0    0    0    0]]
Fold=1
[[  8  24   0   0   2   0   1]
 [  5  13   0   0   2   0   1]
 [  1   4   0   0   3   0   1]
 [  1  11   0   0   4   0   0]
 [  4  10   0   0   6   0   7]
 [508 907   0   0 831   0  78]
 [  0   0   0   0   0   0   0]]
Fold=1
[[   0    3    5    1    7    0   19]
 [   1    3    2    0    4    0   11]
 [   0    0    2    1    2    0    4]
 [   0    1    0    1    6    0    8]
 [   0    7    0    2    7    0   11]
 [ 402  286   59   54  233    0 1290]
 [   0    0    0    0    0    0    0]]
Fold=1
[[   2    0    4    0    1    0   28]
 [   0    5    2    0    0    0   14]
 [   0    0    0    0    0    0    9]
 [   0    0    4    0    0    0   12]
 [   0    0    3    0    0    0   24]
 [ 217   79  606  139  210    0 1073]
 [   0    0    0    0    0    0    0]]
Fold=1
[[  30    3    1    0    0    0    1]
 [  12    7    0    0    0    0    2]
 [   3    0    6    0    0    0    0]
 [   7    0    0    1    0    8    0]
 [   7    1    5    1    0   13    0]
 [ 861   88   65   25    0 1264   21]
 [   0    0    0    0    0    0    0]]
Fold=1
[[  29    0    3    1    0    2    0]
 [  15    5    1    0    0    0    0]
 [   3    0    5    0    0    1    0]
 [   5    0    0    1    0   10    0]
 [   7    2    4    3    0   11    0]
 [ 603  125   75   93    2 1408   18]
 [   0    0    0    0    0    0    0]]
Fold=1
[[   1   21    2    0    5    0    6]
 [   1   14    0    0    0    0    6]
 [   0    1    4    0    3    0    1]
 [   0    3    0    0   12    0    1]
 [   0   12    1    0   12    0    2]
 [  11 1066   21   80  771    0  375]
 [   0    0    0    0    0    0    0]]
Fold=1
[[   1   21    2    0    5    0    6]
 [   1   14    0    0    0    0    6]
 [   0    1    4    0    3    0    1]
 [   0    3    0    0   12    0    1]
 [   0   12    1    0   12    0    2]
 [  11 1066   21   80  771    0  375]
 [   0    0    0    0    0    0    0]]
Fold=1
[[   1   21    2    0    5    0    6]
 [   1   14    0    0    0    0    6]
 [   0    1    4    0    3    0    1]
 [   0    3    0    0   12    0    1]
 [   0   12    1    0   12    0    2]
 [  11 1066   21   80  771    0  375]
 [   0    0    0    0    0    0    0]]
Fold=1
[[  8  24   0   0   2   0   1]
 [  5  13   0   0   2   0   1]
 [  1   4   0   0   3   0   1]
 [  1  11   0   0   4   0   0]
 [  4  10   0   0   6   0   7]
 [508 907   0   0 831   0  78]
 [  0   0   0   0   0   0   0]]
Fold=1
[[   1   18    2    0    7    0    7]
 [   1   14    0    0    2    0    4]
 [   0    2    4    0    2    0    1]
 [   0    1    0    0   15    0    0]
 [   0   13    1    0   12    0    1]
 [  20  828   52  110 1026    0  288]
 [   0    0    0    0    0    0    0]]
