Fold=3
[[ 19   1   0   0   0   2   0]
 [  3   0   0   0   0   0   0]
 [  1   0   6   0   0   3   0]
 [  0   0   0   0   0   2   0]
 [  1   0   0   1   0   1   0]
 [201  39  49  35   1 579   2]
 [  0   0   0   0   0   0   0]]
Fold=3
[[   9    3    0    0    0    0    0]
 [   6    1    0    0    0    0    0]
 [   4    0    2    1    0    1    0]
 [   0    0    0    3    0    4    0]
 [   5    0    0    0    0    1    1]
 [ 461   68   85  149    0 1402   10]
 [   0    0    0    0    0    0    0]]
Fold=3
[[   9    3    0    0    0    0    0]
 [   6    1    0    0    0    0    0]
 [   4    0    2    1    0    1    0]
 [   0    0    0    3    0    4    0]
 [   5    0    0    0    0    1    1]
 [ 461   68   85  149    0 1402   10]
 [   0    0    0    0    0    0    0]]
Fold=3
[[0 1]
 [0 0]]
Fold=3
[[0 1]
 [0 0]]
Fold=3
[[0 1]
 [0 0]]
Fold=3
[[   0    1    1    0   10    0    0]
 [   0    0    1    0    5    0    1]
 [   0    0    2    0    6    0    0]
 [   0    0    0    0    7    0    0]
 [   0    0    0    0    7    0    0]
 [   8   13   47    0 1879    0  228]
 [   0    0    0    0    0    0    0]]
Fold=3
[[  6   4   0   0   0   0   2]
 [  2   5   0   0   0   0   0]
 [  3   3   0   0   1   0   1]
 [  0   5   0   0   1   0   1]
 [  1   4   0   0   1   0   1]
 [453 895   1   0 697   0 129]
 [  0   0   0   0   0   0   0]]
Fold=3
[[   0    0    1    0    5    0    6]
 [   0    0    1    0    4    0    2]
 [   1    0    1    0    3    0    3]
 [   0    1    0    0    3    0    3]
 [   0    0    0    1    3    0    3]
 [ 274  301   50   44  307    0 1199]
 [   0    0    0    0    0    0    0]]
Fold=3
[[   0    1    2    0    0    0    9]
 [   0    0    1    0    0    0    6]
 [   0    0    3    0    0    0    5]
 [   0    0    2    0    0    0    5]
 [   0    0    0    0    2    0    5]
 [ 164   62  565  103  260    0 1021]
 [   0    0    0    0    0    0    0]]
Fold=3
[[  11    1    0    0    0    0    0]
 [   6    1    0    0    0    0    0]
 [   5    0    2    1    0    0    0]
 [   0    0    0    2    0    5    0]
 [   4    0    0    0    0    3    0]
 [ 760   56   78   82    0 1187   12]
 [   0    0    0    0    0    0    0]]
Fold=3
[[   9    3    0    0    0    0    0]
 [   6    1    0    0    0    0    0]
 [   4    0    2    1    0    1    0]
 [   0    0    0    3    0    4    0]
 [   5    0    0    0    0    1    1]
 [ 461   68   85  149    0 1402   10]
 [   0    0    0    0    0    0    0]]
Fold=3
[[  0   7   0   0   3   0   2]
 [  0   5   0   0   2   0   0]
 [  0   6   1   0   1   0   0]
 [  0   2   0   0   4   0   1]
 [  0   3   0   0   3   0   1]
 [  8 885  50  23 788   0 421]
 [  0   0   0   0   0   0   0]]
Fold=3
[[  0   7   0   0   3   0   2]
 [  0   5   0   0   2   0   0]
 [  0   6   1   0   1   0   0]
 [  0   2   0   0   4   0   1]
 [  0   3   0   0   3   0   1]
 [  8 885  50  23 788   0 421]
 [  0   0   0   0   0   0   0]]
Fold=3
[[  6   4   0   0   0   0   2]
 [  2   5   0   0   0   0   0]
 [  3   3   0   0   1   0   1]
 [  0   5   0   0   1   0   1]
 [  1   4   0   0   1   0   1]
 [453 895   1   0 697   0 129]
 [  0   0   0   0   0   0   0]]
Fold=3
[[   0    5    0    0    5    0    2]
 [   0    4    0    0    3    0    0]
 [   0    5    1    0    2    0    0]
 [   0    2    0    0    4    0    1]
 [   0    4    0    0    3    0    0]
 [   8  688   60   76 1000    0  343]
 [   0    0    0    0    0    0    0]]
