Fold=2
              precision    recall  f1-score   support

           0       0.00      0.00      0.00        11
           1       0.01      1.00      0.01         4
           2       0.04      0.25      0.07         4
           3       0.00      0.00      0.00         7
           4       0.01      0.71      0.02        14
           5       0.00      0.00      0.00      1867
           6       0.00      0.00      0.00         0

    accuracy                           0.01      1907
   macro avg       0.01      0.28      0.01      1907
weighted avg       0.00      0.01      0.00      1907

Fold=2
              precision    recall  f1-score   support

           0       0.02      0.91      0.04        11
           1       0.03      0.50      0.05         4
           2       0.06      0.75      0.12         4
           3       0.00      0.00      0.00         7
           4       0.00      0.00      0.00        14
           5       0.99      0.64      0.78      1867
           6       0.00      0.00      0.00         0

    accuracy                           0.63      1907
   macro avg       0.16      0.40      0.14      1907
weighted avg       0.97      0.63      0.76      1907

Fold=2
              precision    recall  f1-score   support

           0       0.00      0.00      0.00      11.0
           1       0.00      0.00      0.00       4.0
           2       0.00      0.00      0.00       4.0
           3       0.00      0.00      0.00       7.0
           4       0.00      0.00      0.00      14.0
           5       0.00      0.00      0.00    1867.0
           6       0.00      0.00      0.00       0.0

    accuracy                           0.00    1907.0
   macro avg       0.00      0.00      0.00    1907.0
weighted avg       0.00      0.00      0.00    1907.0

Fold=2
              precision    recall  f1-score   support

           0       0.03      1.00      0.05        11
           1       0.01      0.25      0.02         4
           2       0.03      0.25      0.05         4
           3       0.01      0.14      0.03         7
           4       0.00      0.00      0.00        14
           5       0.99      0.69      0.82      1867
           6       0.00      0.00      0.00         0

    accuracy                           0.69      1907
   macro avg       0.15      0.33      0.14      1907
weighted avg       0.97      0.69      0.80      1907

Fold=2
              precision    recall  f1-score   support

           0       0.01      0.18      0.02        11
           1       0.00      1.00      0.01         4
           2       0.00      0.00      0.00         4
           3       0.00      0.00      0.00         7
           4       0.01      0.57      0.02        14
           5       0.00      0.00      0.00      1867
           6       0.00      0.00      0.00         0

    accuracy                           0.01      1907
   macro avg       0.00      0.25      0.01      1907
weighted avg       0.00      0.01      0.00      1907

Fold=2
              precision    recall  f1-score   support

           0       0.01      0.09      0.01        11
           1       0.01      0.25      0.03         4
           2       0.00      0.00      0.00         4
           3       0.00      0.00      0.00         7
           4       0.00      0.07      0.01        14
           5       0.00      0.00      0.00      1867
           6       0.00      0.00      0.00         0

    accuracy                           0.00      1907
   macro avg       0.00      0.06      0.01      1907
weighted avg       0.00      0.00      0.00      1907

