Fold=3
              precision    recall  f1-score   support

           0       0.00      0.00      0.00        12
           1       0.01      0.57      0.01         7
           2       0.02      0.12      0.03         8
           3       0.00      0.00      0.00         7
           4       0.00      0.43      0.01         7
           5       0.00      0.00      0.00      2175
           6       0.00      0.00      0.00         0

    accuracy                           0.00      2216
   macro avg       0.00      0.16      0.01      2216
weighted avg       0.00      0.00      0.00      2216

Fold=3
              precision    recall  f1-score   support

           0       0.02      0.92      0.04        12
           1       0.01      0.14      0.03         7
           2       0.02      0.25      0.04         8
           3       0.00      0.00      0.00         7
           4       0.00      0.00      0.00         7
           5       0.99      0.63      0.77      2175
           6       0.00      0.00      0.00         0

    accuracy                           0.62      2216
   macro avg       0.15      0.28      0.12      2216
weighted avg       0.97      0.62      0.75      2216

Fold=3
              precision    recall  f1-score   support

           0       0.00      0.00      0.00        12
           1       0.00      0.00      0.00         7
           2       0.08      0.12      0.10         8
           3       0.00      0.00      0.00         7
           4       0.00      0.00      0.00         7
           5       0.00      0.00      0.00      2175
           6       0.00      0.00      0.00         0

    accuracy                           0.00      2216
   macro avg       0.01      0.02      0.01      2216
weighted avg       0.00      0.00      0.00      2216

Fold=3
              precision    recall  f1-score   support

           0       0.02      0.75      0.04        12
           1       0.01      0.14      0.03         7
           2       0.02      0.25      0.04         8
           3       0.02      0.43      0.04         7
           4       0.00      0.00      0.00         7
           5       1.00      0.64      0.78      2175
           6       0.00      0.00      0.00         0

    accuracy                           0.64      2216
   macro avg       0.15      0.32      0.13      2216
weighted avg       0.98      0.64      0.77      2216

Fold=3
              precision    recall  f1-score   support

           0       0.01      0.08      0.01        12
           1       0.00      0.86      0.01         7
           2       0.00      0.00      0.00         8
           3       0.00      0.00      0.00         7
           4       0.00      0.14      0.00         7
           5       0.00      0.00      0.00      2175
           6       0.00      0.00      0.00         0

    accuracy                           0.00      2216
   macro avg       0.00      0.15      0.00      2216
weighted avg       0.00      0.00      0.00      2216

Fold=3
              precision    recall  f1-score   support

           0       0.00      0.00      0.00        12
           1       0.00      0.00      0.00         7
           2       0.00      0.25      0.01         8
           3       0.00      0.00      0.00         7
           4       0.00      0.14      0.01         7
           5       0.00      0.00      0.00      2175
           6       0.00      0.00      0.00         0

    accuracy                           0.00      2216
   macro avg       0.00      0.06      0.00      2216
weighted avg       0.00      0.00      0.00      2216

