Fold=4
              precision    recall  f1-score   support

           0       0.00      0.00      0.00        18
           1       0.01      1.00      0.02         5
           2       0.03      0.08      0.04        12
           3       0.02      0.09      0.03        11
           4       0.02      0.49      0.04        45
           5       0.00      0.00      0.00      1928
           6       0.00      0.00      0.00         0

    accuracy                           0.01      2019
   macro avg       0.01      0.24      0.02      2019
weighted avg       0.00      0.01      0.00      2019

Fold=4
              precision    recall  f1-score   support

           0       0.04      0.94      0.07        18
           1       0.00      0.00      0.00         5
           2       0.08      0.67      0.15        12
           3       0.00      0.00      0.00        11
           4       0.50      0.02      0.04        45
           5       0.97      0.70      0.81      1928
           6       0.00      0.00      0.00         0

    accuracy                           0.68      2019
   macro avg       0.23      0.33      0.15      2019
weighted avg       0.94      0.68      0.78      2019

Fold=4
              precision    recall  f1-score   support

           0       0.00      0.00      0.00      18.0
           1       0.00      0.00      0.00       5.0
           2       0.00      0.00      0.00      12.0
           3       0.00      0.00      0.00      11.0
           4       0.00      0.00      0.00      45.0
           5       0.00      0.00      0.00    1928.0
           6       0.00      0.00      0.00       0.0

    accuracy                           0.00    2019.0
   macro avg       0.00      0.00      0.00    2019.0
weighted avg       0.00      0.00      0.00    2019.0

Fold=4
              precision    recall  f1-score   support

           0       0.05      0.89      0.10        18
           1       0.02      0.20      0.04         5
           2       0.09      0.50      0.15        12
           3       0.05      0.27      0.08        11
           4       0.00      0.00      0.00        45
           5       0.98      0.78      0.87      1928
           6       0.00      0.00      0.00         0

    accuracy                           0.76      2019
   macro avg       0.17      0.38      0.18      2019
weighted avg       0.94      0.76      0.83      2019

Fold=4
              precision    recall  f1-score   support

           0       0.02      0.17      0.04        18
           1       0.00      0.60      0.01         5
           2       0.00      0.00      0.00        12
           3       0.00      0.00      0.00        11
           4       0.03      0.62      0.06        45
           5       0.00      0.00      0.00      1928
           6       0.00      0.00      0.00         0

    accuracy                           0.02      2019
   macro avg       0.01      0.20      0.02      2019
weighted avg       0.00      0.02      0.00      2019

Fold=4
              precision    recall  f1-score   support

           0       0.01      0.11      0.01        18
           1       0.03      0.20      0.05         5
           2       0.00      0.08      0.00        12
           3       0.00      0.00      0.00        11
           4       0.00      0.02      0.01        45
           5       0.00      0.00      0.00      1928
           6       0.00      0.00      0.00         0

    accuracy                           0.00      2019
   macro avg       0.01      0.06      0.01      2019
weighted avg       0.00      0.00      0.00      2019

