Fold=1
              precision    recall  f1-score   support

           0       0.05      0.03      0.04        35
           1       0.02      0.67      0.03        21
           2       0.07      0.44      0.12         9
           3       0.00      0.00      0.00        16
           4       0.01      0.44      0.02        27
           5       0.00      0.00      0.00      2324
           6       0.00      0.00      0.00         0

    accuracy                           0.01      2432
   macro avg       0.02      0.23      0.03      2432
weighted avg       0.00      0.01      0.00      2432

Fold=1
              precision    recall  f1-score   support

           0       0.04      0.86      0.08        35
           1       0.06      0.33      0.11        21
           2       0.07      0.67      0.13         9
           3       0.00      0.00      0.00        16
           4       0.00      0.00      0.00        27
           5       0.98      0.62      0.76      2324
           6       0.00      0.00      0.00         0

    accuracy                           0.61      2432
   macro avg       0.17      0.35      0.15      2432
weighted avg       0.94      0.61      0.73      2432

Fold=1
              precision    recall  f1-score   support

           0       0.00      0.00      0.00        35
           1       0.05      0.05      0.05        21
           2       0.00      0.00      0.00         9
           3       0.00      0.00      0.00        16
           4       0.00      0.00      0.00        27
           5       0.00      0.00      0.00      2324
           6       0.00      0.00      0.00         0

    accuracy                           0.00      2432
   macro avg       0.01      0.01      0.01      2432
weighted avg       0.00      0.00      0.00      2432

Fold=1
              precision    recall  f1-score   support

           0       0.04      0.83      0.08        35
           1       0.04      0.24      0.07        21
           2       0.06      0.56      0.10         9
           3       0.01      0.06      0.02        16
           4       0.00      0.00      0.00        27
           5       0.98      0.61      0.75      2324
           6       0.00      0.00      0.00         0

    accuracy                           0.60      2432
   macro avg       0.16      0.33      0.15      2432
weighted avg       0.94      0.60      0.72      2432

Fold=1
              precision    recall  f1-score   support

           0       0.04      0.14      0.06        35
           1       0.01      0.90      0.03        21
           2       0.00      0.00      0.00         9
           3       0.00      0.00      0.00        16
           4       0.02      0.48      0.03        27
           5       0.00      0.00      0.00      2324
           6       0.00      0.00      0.00         0

    accuracy                           0.02      2432
   macro avg       0.01      0.22      0.02      2432
weighted avg       0.00      0.02      0.00      2432

Fold=1
              precision    recall  f1-score   support

           0       0.01      0.03      0.01        35
           1       0.00      0.00      0.00        21
           2       0.00      0.22      0.01         9
           3       0.00      0.00      0.00        16
           4       0.00      0.00      0.00        27
           5       0.00      0.00      0.00      2324
           6       0.00      0.00      0.00         0

    accuracy                           0.00      2432
   macro avg       0.00      0.04      0.00      2432
weighted avg       0.00      0.00      0.00      2432

