Fold=4
[[  0  11   0   0   7   0   0]
 [  0   5   0   0   0   0   0]
 [  0   4   1   0   7   0   0]
 [  0   0   0   1   8   0   2]
 [  0  16   0   2  22   0   5]
 [  8 434  34  55 988   0 409]
 [  0   0   0   0   0   0   0]]
Fold=4
[[  17    1    0    0    0    0    0]
 [   4    0    0    0    0    1    0]
 [   3    0    8    0    0    1    0]
 [   1    0    0    0    0   10    0]
 [  16    2    0    0    1   26    0]
 [ 425   29   90   37    1 1343    3]
 [   0    0    0    0    0    0    0]]
Fold=4
[[   0    0    0    0    1    0   17]
 [   0    0    0    0    0    0    5]
 [   0    0    0    0    1    0   11]
 [   0    0    0    0    0    0   11]
 [   0    0    0    0    0    0   45]
 [   0    2    2    0   53    0 1871]
 [   0    0    0    0    0    0    0]]
Fold=4
[[  16    1    0    0    0    1    0]
 [   3    1    0    0    0    1    0]
 [   2    0    6    0    0    4    0]
 [   1    1    0    3    0    6    0]
 [  18    6    0    2    0   19    0]
 [ 256   42   64   57    3 1503    3]
 [   0    0    0    0    0    0    0]]
Fold=4
[[  3  14   0   0   1   0   0]
 [  1   3   0   0   1   0   0]
 [  2   3   0   0   5   0   2]
 [  0   5   0   0   6   0   0]
 [  2  15   0   0  28   0   0]
 [137 923   0   1 778   0  89]
 [  0   0   0   0   0   0   0]]
Fold=4
[[  2   0   3   0   0   0  13]
 [  0   1   0   0   0   0   4]
 [  0   0   1   0   0   0  11]
 [  0   0   0   0   2   0   9]
 [  2   0   4   1   1   0  37]
 [250  37 699  94 228   0 620]
 [  0   0   0   0   0   0   0]]
