Fold=2
[[   0    9    1    0    1    0    0]
 [   0    4    0    0    0    0    0]
 [   0    1    1    0    2    0    0]
 [   0    2    0    0    5    0    0]
 [   0    4    0    0   10    0    0]
 [  14  555   23   62 1018    0  195]
 [   0    0    0    0    0    0    0]]
Fold=2
[[  10    1    0    0    0    0    0]
 [   2    2    0    0    0    0    0]
 [   1    0    3    0    0    0    0]
 [   2    0    0    0    0    5    0]
 [   6    0    0    1    0    7    0]
 [ 535   70   44   16    2 1191    9]
 [   0    0    0    0    0    0    0]]
Fold=2
[[   0    0    0    0    0    0   11]
 [   0    0    0    0    0    0    4]
 [   0    0    0    0    0    0    4]
 [   0    0    0    0    0    0    7]
 [   0    0    0    0    0    0   14]
 [   2    5    7    1   70    0 1782]
 [   0    0    0    0    0    0    0]]
Fold=2
[[  11    0    0    0    0    0    0]
 [   3    1    0    0    0    0    0]
 [   3    0    1    0    0    0    0]
 [   0    3    0    1    0    3    0]
 [   2    0    0    1    0   11    0]
 [ 377   78   39   66    1 1295   11]
 [   0    0    0    0    0    0    0]]
Fold=2
[[  2   9   0   0   0   0   0]
 [  0   4   0   0   0   0   0]
 [  0   3   0   0   1   0   0]
 [  0   4   0   0   3   0   0]
 [  2   3   1   0   8   0   0]
 [163 942   1   0 682   0  79]
 [  0   0   0   0   0   0   0]]
Fold=2
[[  1   0   3   0   0   0   7]
 [  0   1   1   0   0   0   2]
 [  0   0   0   0   0   0   4]
 [  0   0   1   0   0   0   6]
 [  0   0   3   1   1   0   9]
 [176  72 595 107 200   0 717]
 [  0   0   0   0   0   0   0]]
