Fold=1
[[   1   18    2    0    7    0    7]
 [   1   14    0    0    2    0    4]
 [   0    2    4    0    2    0    1]
 [   0    1    0    0   15    0    0]
 [   0   13    1    0   12    0    1]
 [  20  828   52  110 1026    0  288]
 [   0    0    0    0    0    0    0]]
Fold=1
[[  30    2    1    1    0    0    1]
 [  12    7    0    0    0    0    2]
 [   2    0    6    0    0    1    0]
 [   4    0    0    0    0   12    0]
 [   6    1    5    0    0   15    0]
 [ 680   99   68   14    2 1440   21]
 [   0    0    0    0    0    0    0]]
Fold=1
[[   0    0    0    0    3    0   32]
 [   0    1    0    0    2    0   18]
 [   0    0    0    0    2    0    7]
 [   0    0    0    0    0    0   16]
 [   0    0    0    0    0    0   27]
 [   4   18   22    0  165    0 2115]
 [   0    0    0    0    0    0    0]]
Fold=1
[[  29    0    3    1    0    2    0]
 [  15    5    1    0    0    0    0]
 [   3    0    5    0    0    1    0]
 [   5    0    0    1    0   10    0]
 [   7    2    4    3    0   11    0]
 [ 603  125   75   93    2 1408   18]
 [   0    0    0    0    0    0    0]]
Fold=1
[[   5   29    0    0    1    0    0]
 [   1   19    0    0    1    0    0]
 [   0    6    0    0    3    0    0]
 [   0    8    0    0    7    0    1]
 [   3   11    0    0   13    0    0]
 [ 129 1352    0    0  769    0   74]
 [   0    0    0    0    0    0    0]]
Fold=1
[[  1   1   6   0   1   0  26]
 [  0   0   1   0   0   0  20]
 [  0   0   2   0   0   0   7]
 [  0   0   3   0   1   0  12]
 [  0   0   3   0   0   0  24]
 [199  65 757 158 197   0 948]
 [  0   0   0   0   0   0   0]]
