Fold=3
[[   0    5    0    0    5    0    2]
 [   0    4    0    0    3    0    0]
 [   0    5    1    0    2    0    0]
 [   0    2    0    0    4    0    1]
 [   0    4    0    0    3    0    0]
 [   8  688   60   76 1000    0  343]
 [   0    0    0    0    0    0    0]]
Fold=3
[[  11    1    0    0    0    0    0]
 [   6    1    0    0    0    0    0]
 [   4    0    2    1    0    1    0]
 [   0    0    0    0    0    7    0]
 [   4    0    0    0    0    3    0]
 [ 579   69   86   68    0 1360   13]
 [   0    0    0    0    0    0    0]]
Fold=3
[[   0    0    0    0    1    0   11]
 [   0    0    0    0    1    0    6]
 [   0    0    1    0    0    0    7]
 [   0    0    0    0    0    0    7]
 [   0    0    0    0    0    0    7]
 [   2    6   12    0  164    0 1991]
 [   0    0    0    0    0    0    0]]
Fold=3
[[   9    3    0    0    0    0    0]
 [   6    1    0    0    0    0    0]
 [   4    0    2    1    0    1    0]
 [   0    0    0    3    0    4    0]
 [   5    0    0    0    0    1    1]
 [ 461   68   85  149    0 1402   10]
 [   0    0    0    0    0    0    0]]
Fold=3
[[   1   11    0    0    0    0    0]
 [   0    6    0    0    1    0    0]
 [   2    4    0    0    2    0    0]
 [   0    5    0    0    2    0    0]
 [   0    6    0    0    1    0    0]
 [ 140 1261    3    0  687    0   84]
 [   0    0    0    0    0    0    0]]
Fold=3
[[  0   1   0   0   0   0  11]
 [  1   0   1   0   0   0   5]
 [  0   0   2   0   0   0   6]
 [  0   0   0   0   1   0   6]
 [  0   0   0   0   1   0   6]
 [187  55 744 101 247   0 841]
 [  0   0   0   0   0   0   0]]
